,Month,Tenth,Kc
0,1.0,1.0,0.6
1,1.0,2.0,0.6
2,1.0,3.0,0.6
3,2.0,1.0,0.61922
4,2.0,2.0,0.63845
5,2.0,3.0,0.65768
6,3.0,1.0,0.67691
7,3.0,2.0,0.69614
8,3.0,3.0,0.7153700000000001
9,4.0,1.0,0.7346
10,4.0,2.0,0.75383
11,4.0,3.0,0.7730600000000001
12,5.0,1.0,0.79229
13,5.0,2.0,0.81152
14,5.0,3.0,0.83075
15,6.0,1.0,0.85
16,6.0,2.0,0.85
17,6.0,3.0,0.85
18,7.0,1.0,0.85
19,7.0,2.0,0.85
20,7.0,3.0,0.85
21,8.0,1.0,0.85
22,8.0,2.0,0.85
23,8.0,3.0,0.85
24,9.0,1.0,0.85
25,9.0,2.0,0.85
26,9.0,3.0,0.85
27,10.0,1.0,0.8419999999999999
28,10.0,2.0,0.831
29,10.0,3.0,0.82
30,11.0,1.0,0.8089999999999999
31,11.0,2.0,0.7979999999999999
32,11.0,3.0,0.7869999999999999
33,12.0,1.0,0.7759999999999999
34,12.0,2.0,0.7649999999999999
35,12.0,3.0,0.754
